
21.03045, 1006.51808, 55.783688
21.025494, 1006.43008, 56.52088
21.03045, 1006.51808, 55.783688
21.020538, 1006.4216, 56.592224
21.03045, 1006.4916, 56.00564
21.020538, 1006.44808, 56.37027
21.0155824, 1006.3601, 57.107468
21.025494, 1006.48308, 56.07698
21.040364, 1006.4821, 56.084908
21.020538, 1006.47452, 56.14832
21.03045, 1006.4916, 56.00564
21.020538, 1006.5009, 55.92637
21.03045, 1006.46516, 56.22759
21.03045, 1006.3857, 56.8908
21.040364, 1006.37632, 56.9700668
21.035408, 1006.3678, 57.04141
21.040364, 1006.34984, 57.19202
21.040364, 1006.32332, 57.41397
21.045318, 1006.3321, 57.339984
21.035408, 1006.3413, 57.26336
21.050274, 1006.3672, 57.04669
21.050274, 1006.3142, 57.490596
21.045318, 1006.3321, 57.339984
21.050274, 1006.34068, 57.268648
21.045318, 1006.3321, 57.339984
21.050274, 1006.3672, 57.04669
21.045318, 1006.3057, 57.561936
21.040364, 1006.4292, 56.526164
21.040364, 1006.4557, 56.306858
21.040364, 1006.4557, 56.306858
21.045318, 1006.4116, 56.676776
21.040364, 1006.4292, 56.526164
21.040364, 1006.4292, 56.526164
21.045318, 1006.4116, 56.676776
21.045318, 1006.3586, 57.118036
21.045318, 1006.3586, 57.118036
21.050274, 1006.3936, 56.82474
21.050274, 1006.3672, 57.04669
21.050274, 1006.3936, 56.82474
21.050274, 1006.47292, 56.161532
21.045318, 1006.4116, 56.676776
21.055232, 1006.4286, 56.534092
21.045318, 1006.4116, 56.676776
21.060186, 1006.43716, 56.46011
21.055232, 1006.4286, 56.534092
21.060186, 1006.43716, 56.46011
21.065142, 1006.3928, 56.83267
21.060186, 1006.4107, 56.68206
21.060186, 1006.4107, 56.68206
21.050274, 1006.3672, 57.04669
21.045318, 1006.385, 56.898728
21.050274, 1006.3142, 57.490596
21.045318, 1006.3321, 57.339984
21.055232, 1006.3492, 57.197304
21.055232, 1006.24332, 58.082468
21.060186, 1006.27824, 57.791816
21.055232, 1006.3228, 57.419256
21.060186, 1006.3842, 56.90401
21.065142, 1006.3928, 56.83267
21.055232, 1006.3756, 56.975352
21.055232, 1006.3756, 56.975352
21.050274, 1006.3142, 57.490596
21.060186, 1006.3049, 57.567224
21.055232, 1006.3228, 57.419256
21.060186, 1006.3577, 57.12596
21.050274, 1006.42, 56.605436
21.060186, 1006.3842, 56.90401
21.060186, 1006.33116, 57.34791
21.060186, 1006.3842, 56.90401
21.060186, 1006.3577, 57.12596
21.055232, 1006.3756, 56.975352
21.060186, 1006.3842, 56.90401
21.065142, 1006.3928, 56.83267
21.060186, 1006.3049, 57.567224
21.060186, 1006.33116, 57.34791
21.060186, 1006.3577, 57.12596
21.070098, 1006.34848, 57.202588
21.070098, 1006.34848, 57.202588
21.060186, 1006.33116, 57.34791
21.065142, 1006.3399, 57.27393
21.070098, 1006.29552, 57.64649
21.060186, 1006.33116, 57.34791
21.070098, 1006.37496, 56.980636
21.075054, 1006.35692, 57.131244
21.075054, 1006.2775, 57.7971
21.065142, 1006.36632, 57.05462
21.065142, 1006.2869, 57.71783
21.060186, 1006.3577, 57.12596
21.060186, 1006.3577, 57.12596
21.055232, 1006.3492, 57.197304
21.060186, 1006.4107, 56.68206
21.060186, 1006.3842, 56.90401
21.065142, 1006.3399, 57.27393
21.065142, 1006.3399, 57.27393
21.055232, 1006.3492, 57.197304
21.065142, 1006.3399, 57.27393
21.055232, 1006.3228, 57.419256
21.070098, 1006.322, 57.424536
21.070098, 1006.34848, 57.202588
21.060186, 1006.3842, 56.90401
21.060186, 1006.3842, 56.90401
21.060186, 1006.3842, 56.90401
21.060186, 1006.3842, 56.90401
21.060186, 1006.3842, 56.90401
21.060186, 1006.3842, 56.90401
21.075054, 1006.3834, 56.909296
21.070098, 1006.34848, 57.202588
21.070098, 1006.29552, 57.64649
21.060186, 1006.3049, 57.567224
21.065142, 1006.3399, 57.27393
21.070098, 1006.4543, 56.317424
21.075054, 1006.3834, 56.909296
21.080012, 1006.36552, 57.05991
21.080012, 1006.36552, 57.05991
21.075054, 1006.33052, 57.3532
21.075054, 1006.35692, 57.131244
21.080012, 1006.4185, 56.616
21.080012, 1006.3127, 57.503808
21.080012, 1006.3127, 57.503808
21.070098, 1006.29552, 57.64649
21.080012, 1006.3921, 56.837956
21.070098, 1006.34848, 57.202588
21.075054, 1006.33052, 57.3532
21.070098, 1006.29552, 57.64649
21.070098, 1006.322, 57.424536
21.065142, 1006.3134, 57.49588
21.060186, 1006.33116, 57.34791
21.065142, 1006.3134, 57.49588
21.065142, 1006.3399, 57.27393
21.060186, 1006.3049, 57.567224
21.065142, 1006.3399, 57.27393
21.070098, 1006.322, 57.424536
21.065142, 1006.3399, 57.27393
21.070098, 1006.37496, 56.980636
21.065142, 1006.3399, 57.27393
21.060186, 1006.3577, 57.12596
21.065142, 1006.2869, 57.71783
21.055232, 1006.2698, 57.863156
21.055232, 1006.3228, 57.419256
21.060186, 1006.33116, 57.34791
21.060186, 1006.33116, 57.34791
21.055232, 1006.3228, 57.419256
21.060186, 1006.33116, 57.34791
21.065142, 1006.3134, 57.49588
21.065142, 1006.3399, 57.27393
21.050274, 1006.3142, 57.490596
21.055232, 1006.3492, 57.197304
21.050274, 1006.2877, 57.712548
21.050274, 1006.3142, 57.490596
21.050274, 1006.34068, 57.268648
21.045318, 1006.3321, 57.339984
21.050274, 1006.3672, 57.04669
21.050274, 1006.3142, 57.490596
21.040364, 1006.37632, 56.9700668
21.03045, 1006.30632, 57.556652
21.040364, 1006.29692, 57.63592
21.035408, 1006.3678, 57.04141
21.035408, 1006.3413, 57.26336
21.045318, 1006.3321, 57.339984
21.03045, 1006.27984, 57.778604
21.035408, 1006.3942, 56.81946
21.025494, 1006.2714, 57.8473
21.03045, 1006.3857, 56.8908
21.035408, 1006.31496, 57.48267
21.040364, 1006.34984, 57.19202
21.025494, 1006.3507, 57.184092
21.025494, 1006.3507, 57.184092
21.020538, 1006.34216, 57.255432
21.03045, 1006.27984, 57.778604
21.020538, 1006.3158, 57.477384
21.025494, 1006.3243, 57.406044
21.020538, 1006.3158, 57.477384
21.010626, 1006.3516, 57.178808
21.020538, 1006.3158, 57.477384
21.020538, 1006.3158, 57.477384
21.010626, 1006.3516, 57.178808
21.005672, 1006.36948, 57.0282
21.010626, 1006.29864, 57.620068
21.005672, 1006.34296, 57.25015
21.0155824, 1006.3071, 57.548724
21.0155824, 1006.3601, 57.107468
21.010626, 1006.3516, 57.178808
21.0155824, 1006.3601, 57.107468
21.0155824, 1006.3864, 56.885512
21.0155824, 1006.41292, 56.663564
21.0155824, 1006.3601, 57.107468
21.020538, 1006.34216, 57.255432
21.020538, 1006.34216, 57.255432
21.020538, 1006.36868, 57.03348
21.020538, 1006.36868, 57.03348
21.020538, 1006.4216, 56.592224
21.0155824, 1006.3864, 56.885512
21.010626, 1006.4045, 56.734904
21.010626, 1006.3781, 56.954212
21.005672, 1006.31648, 57.4721
21.010626, 1006.3516, 57.178808
21.010626, 1006.32516, 57.398116
21.020538, 1006.3158, 57.477384
21.020538, 1006.3158, 57.477384
21.010626, 1006.29864, 57.620068
21.020538, 1006.2628, 57.921288
21.025494, 1006.2714, 57.8473
21.020538, 1006.2628, 57.921288
21.020538, 1006.2628, 57.921288
21.010626, 1006.2458, 58.06397
21.010626, 1006.2458, 58.06397
21.010626, 1006.2458, 58.06397
21.005672, 1006.34296, 57.25015
21.010626, 1006.2458, 58.06397
21.000716, 1006.2816, 57.76275
21.005672, 1006.29, 57.69405
21.0155824, 1006.3335, 57.32942
21.020538, 1006.4216, 56.592224
21.010626, 1006.4309, 56.512956
21.0155824, 1006.4659, 56.21966
21.005672, 1006.4224, 56.584296
21.010626, 1006.4045, 56.734904
21.010626, 1006.4309, 56.512956
21.010626, 1006.4045, 56.734904
21.000716, 1006.36084, 57.09954
21.000716, 1006.3873, 56.877588
20.99576, 1006.3788, 56.94893
20.99576, 1006.3259, 57.39283
21.000716, 1006.308, 57.54344
21.010626, 1006.32516, 57.398116
21.000716, 1006.3873, 56.877588
21.000716, 1006.3344, 57.32149
21.000716, 1006.36084, 57.09954
21.005672, 1006.34296, 57.25015
21.010626, 1006.3516, 57.178808
21.0155824, 1006.3864, 56.885512
21.010626, 1006.4045, 56.734904
21.010626, 1006.32516, 57.398116
21.000716, 1006.3873, 56.877588
21.005672, 1006.4224, 56.584296
20.99576, 1006.3788, 56.94893
21.000716, 1006.46668, 56.21438
21.000716, 1006.4138, 56.655636
21.000716, 1006.44024, 56.43633
21.010626, 1006.3516, 57.178808
21.005672, 1006.34296, 57.25015
21.000716, 1006.3344, 57.32149
21.005672, 1006.34296, 57.25015
20.99576, 1006.27292, 57.836736
20.99576, 1006.3788, 56.94893
21.000716, 1006.36084, 57.09954
20.990802, 1006.3437, 57.24222
21.000716, 1006.4138, 56.655636
20.99576, 1006.4318, 56.505028
21.000716, 1006.3873, 56.877588
21.000716, 1006.4138, 56.655636
21.000716, 1006.4138, 56.655636
21.000716, 1006.3344, 57.32149
21.000716, 1006.44024, 56.43633
20.990802, 1006.31732, 57.464172
21.000716, 1006.3873, 56.877588
21.000716, 1006.3344, 57.32149
21.010626, 1006.3516, 57.178808
21.0155824, 1006.41292, 56.663564
21.010626, 1006.3781, 56.954212
21.005672, 1006.4224, 56.584296
21.010626, 1006.4045, 56.734904
21.010626, 1006.4309, 56.512956
21.010626, 1006.3781, 56.954212
21.010626, 1006.32516, 57.398116
21.005672, 1006.36948, 57.0282
21.000716, 1006.3873, 56.877588
21.010626, 1006.4045, 56.734904
21.0155824, 1006.3864, 56.885512
21.010626, 1006.5104, 55.8471
21.010626, 1006.4575, 56.291004
21.0155824, 1006.41292, 56.663564
21.010626, 1006.4045, 56.734904
21.000716, 1006.3873, 56.877588
21.005672, 1006.3959, 56.806248
21.005672, 1006.3959, 56.806248
21.010626, 1006.3781, 56.954212
21.0155824, 1006.3864, 56.885512
21.010626, 1006.4045, 56.734904
21.010626, 1006.32516, 57.398116
21.005672, 1006.31648, 57.4721
21.000716, 1006.3344, 57.32149
21.000716, 1006.36084, 57.09954
21.000716, 1006.36084, 57.09954
21.005672, 1006.34296, 57.25015
21.000716, 1006.255, 57.9847
20.99576, 1006.3259, 57.39283
20.99576, 1006.3259, 57.39283
21.000716, 1006.3344, 57.32149
21.000716, 1006.3344, 57.32149
20.99576, 1006.27292, 57.836736
21.000716, 1006.255, 57.9847
21.000716, 1006.2816, 57.76275
21.010626, 1006.3781, 56.954212
21.000716, 1006.36084, 57.09954
21.005672, 1006.34296, 57.25015
20.99576, 1006.40536, 56.72698
21.005672, 1006.29, 57.69405
20.990802, 1006.37024, 57.02027
20.990802, 1006.31732, 57.464172
21.005672, 1006.3959, 56.806248
21.000716, 1006.36084, 57.09954
21.000716, 1006.36084, 57.09954
20.99576, 1006.3788, 56.94893
21.000716, 1006.4138, 56.655636
21.005672, 1006.4224, 56.584296
21.000716, 1006.36084, 57.09954
21.005672, 1006.4224, 56.584296
21.000716, 1006.3873, 56.877588
21.000716, 1006.308, 57.54344
20.99576, 1006.3259, 57.39283
21.000716, 1006.36084, 57.09954
20.99576, 1006.3524, 57.17088
21.000716, 1006.308, 57.54344
20.99576, 1006.27292, 57.836736
21.000716, 1006.36084, 57.09954
21.005672, 1006.36948, 57.0282
21.000716, 1006.308, 57.54344
20.99576, 1006.3259, 57.39283
21.005672, 1006.29, 57.69405
21.005672, 1006.29, 57.69405
21.000716, 1006.2816, 57.76275
21.000716, 1006.308, 57.54344
21.005672, 1006.34296, 57.25015
20.99576, 1006.3259, 57.39283
21.000716, 1006.308, 57.54344
21.000716, 1006.3344, 57.32149
20.990802, 1006.31732, 57.464172
21.000716, 1006.2816, 57.76275
21.000716, 1006.3344, 57.32149
21.000716, 1006.2816, 57.76275
21.000716, 1006.2816, 57.76275
21.000716, 1006.2021, 58.428604
20.990802, 1006.31732, 57.464172
20.99576, 1006.27292, 57.836736
21.000716, 1006.3344, 57.32149
21.000716, 1006.3344, 57.32149
20.99576, 1006.2994, 57.614784
20.99576, 1006.3259, 57.39283
21.000716, 1006.3873, 56.877588
21.000716, 1006.36084, 57.09954
21.000716, 1006.36084, 57.09954
21.010626, 1006.32516, 57.398116
21.000716, 1006.3344, 57.32149
21.005672, 1006.31648, 57.4721
21.010626, 1006.3781, 56.954212
21.0155824, 1006.3601, 57.107468
21.010626, 1006.3516, 57.178808
21.005672, 1006.4487, 56.364988
21.0155824, 1006.3601, 57.107468
21.000716, 1006.3873, 56.877588
21.000716, 1006.36084, 57.09954
21.000716, 1006.36084, 57.09954
20.990802, 1006.37024, 57.02027
20.99576, 1006.3524, 57.17088
20.990802, 1006.2908, 57.686124
20.985846, 1006.3616, 57.094252
20.990802, 1006.2908, 57.686124
20.985846, 1006.30868, 57.538156
20.990802, 1006.37024, 57.02027
20.990802, 1006.37024, 57.02027
20.985846, 1006.3616, 57.094252
20.99576, 1006.40536, 56.72698
21.000716, 1006.3873, 56.877588
21.000716, 1006.3873, 56.877588
20.990802, 1006.39656, 56.80096
21.000716, 1006.3873, 56.877588
21.000716, 1006.36084, 57.09954
21.000716, 1006.36084, 57.09954
21.000716, 1006.3873, 56.877588
21.000716, 1006.44024, 56.43633
21.005672, 1006.36948, 57.0282
21.000716, 1006.4138, 56.655636
21.000716, 1006.44024, 56.43633
20.990802, 1006.39656, 56.80096
20.990802, 1006.4231, 56.57901
20.980892, 1006.4325, 56.499744
20.980892, 1006.3267, 57.384904
20.9759344, 1006.3974, 56.793032
20.985846, 1006.4146, 56.650352
20.985846, 1006.4146, 56.650352
20.985846, 1006.3352, 57.313564
20.990802, 1006.39656, 56.80096
20.985846, 1006.3616, 57.094252
20.980892, 1006.3267, 57.384904
20.990802, 1006.3437, 57.24222
20.980892, 1006.353, 57.165596
20.980892, 1006.3267, 57.384904
20.980892, 1006.353, 57.165596
20.980892, 1006.3267, 57.384904
20.9759344, 1006.2915, 57.68084
20.980892, 1006.3267, 57.384904
20.985846, 1006.28232, 57.757464
20.985846, 1006.2558, 57.979416
20.980892, 1006.24728, 58.05076
20.985846, 1006.3352, 57.313564
20.985846, 1006.30868, 57.538156
20.980892, 1006.3002, 57.606856
20.980892, 1006.3267, 57.384904
20.966022, 1006.32732, 57.37962
20.97098, 1006.3624, 57.086328
20.961068, 1006.3717, 57.0097
20.961068, 1006.3452, 57.23165
20.961068, 1006.3452, 57.23165
20.951154, 1006.3282, 57.374336
20.961068, 1006.3717, 57.0097
20.951154, 1006.4076, 56.70848
20.961068, 1006.3188, 57.4509632
20.956112, 1006.31024, 57.522304
20.961068, 1006.3452, 57.23165
20.956112, 1006.31024, 57.522304
20.961068, 1006.3717, 57.0097
20.961068, 1006.3452, 57.23165
20.956112, 1006.3632, 57.081044
20.961068, 1006.3188, 57.4509632
20.966022, 1006.35376, 57.160312
20.956112, 1006.33672, 57.302992
20.951154, 1006.3546, 57.152384
20.961068, 1006.3452, 57.23165
20.956112, 1006.33672, 57.302992
20.961068, 1006.3717, 57.0097
20.956112, 1006.31024, 57.522304
20.966022, 1006.35376, 57.160312
20.97098, 1006.38872, 56.86702
20.97098, 1006.3359, 57.308276
20.9759344, 1006.3974, 56.793032
20.985846, 1006.3352, 57.313564
20.980892, 1006.3002, 57.606856
20.980892, 1006.3267, 57.384904
20.980892, 1006.353, 57.165596
20.980892, 1006.353, 57.165596
20.9759344, 1006.3445, 57.23694
20.980892, 1006.3267, 57.384904
20.966022, 1006.32732, 57.37962
20.9759344, 1006.3445, 57.23694
20.9759344, 1006.3709, 57.014988
20.97098, 1006.3094, 57.53023
20.985846, 1006.4146, 56.650352
20.985846, 1006.3352, 57.313564
20.985846, 1006.38808, 56.872304
20.990802, 1006.3437, 57.24222
20.985846, 1006.3616, 57.094252
20.985846, 1006.38808, 56.872304
20.980892, 1006.353, 57.165596
20.990802, 1006.2908, 57.686124
20.980892, 1006.353, 57.165596
20.985846, 1006.30868, 57.538156
20.985846, 1006.3616, 57.094252
20.980892, 1006.353, 57.165596
20.980892, 1006.353, 57.165596
20.9759344, 1006.3974, 56.793032
20.980892, 1006.406, 56.721696
20.990802, 1006.3437, 57.24222
20.990802, 1006.39656, 56.80096
21.000716, 1006.44024, 56.43633
20.990802, 1006.39656, 56.80096
20.99576, 1006.2994, 57.614784
21.000716, 1006.3873, 56.877588
20.99576, 1006.3788, 56.94893
20.99576, 1006.3524, 57.17088
21.000716, 1006.4138, 56.655636
21.0155824, 1006.41292, 56.663564
21.005672, 1006.4224, 56.584296
21.005672, 1006.36948, 57.0282
21.005672, 1006.3959, 56.806248
21.005672, 1006.36948, 57.0282
21.005672, 1006.34296, 57.25015
21.010626, 1006.4309, 56.512956
21.0155824, 1006.3864, 56.885512
21.005672, 1006.31648, 57.4721
21.010626, 1006.3516, 57.178808
21.010626, 1006.32516, 57.398116
21.010626, 1006.3781, 56.954212
21.005672, 1006.29, 57.69405
21.000716, 1006.3344, 57.32149
21.000716, 1006.255, 57.9847
21.010626, 1006.2722, 57.84202
21.010626, 1006.2722, 57.84202
21.0155824, 1006.3071, 57.548724
21.010626, 1006.2458, 58.06397